2       1       1.0
2       3       0.0
2       2       13.2727272727
2       6       0.0
5       10      60.0
5       5       274.0
5       7       3.0
5       6       84.0
5       9       45.0
5       8       1.0
3       10      0.0
3       1       56.0
3       3       27.0
3       2       38.0
3       5       36.0
3       4       6.0
3       6       14.0
3       9       5.0
6       1       1.0
6       10      48.0
6       3       0.0
6       6       0.0
1       1       13.5263157895
1       3       6.0
1       2       6.0
1       6       0.0
4       1       3.16666666667
4       8       47.0
4       3       7.0
4       6       0.0
4       10      1.0